(1)-903,906,907,904,851,852,858,859,681,887,888,920,924,925,926,921,832,831,839,878,890,891,892,893,918,915,917,916,910,840,(1)680,923,909,877,(1)
(1)-902,905,826,854,856,850,814,829,828,794,793,792,791,588,654,866,882,655,869,868,922,833,836,838,861,572,570,576,253,251,731,503,900,901,908,875,870,871,894,802,801,807,765,677,671,672,770,919,914,911,825,824,821,853,849,728,603,(2)
(1)-717,716,330,857,815,653,883,885,884,889,325,328,779,669,666,830,860,730,506,461,874,899,808,768,769,766,767,674,675,670,673,252,913,912,842,841,848,756,755,725,723,(3)
(1)-354,886,355,323,320,318,837,573,574,505,353,803,771,822,754,726,(4)
(1)-344,345,346,341,343,714,713,339,331,689,685,684,687,683,682,797,865,864,867,881,880,665,663,661,690,691,834,835,879,896,897,898,809,760,761,895,759,758,604,(5)798,(5)
(1)-342,812,718,790,799,657,656,658,659,786,780,782,788,571,350,800,762,764,827,843,823,724,720,(6)775,(6)
(1)-347,810,811,816,1,796,584,583,863,862,668,312,310,317,3,876,872,4,309,855,305,307,846,753,752,751,750,(7)
(1)-817,688,581,451,311,732,734,736,462,873,601,602,608,(8)
(1)-336,818,819,820,778,805,678,776,460,(9)804,(9)
(1)-748,746,735,504,757,(10)
(1)-618,405,404,401,400,795,615,623,620,781,847,399,(11)
(1)-591,641,640,643,642,628,664,630,631,632,633,636,637,634,635,638,639,(12)
(1)-737,745,742,406,452,585,622,738,749,(13)619,741,625,624,679,(13)
(1)-813,296,293,290,291,337,614,621,12,806,284,286,676,774,300,301,303,304,607,(14)772,(14)411,(14)
(1)-613,692,289,287,(15)733,(15)
(1)-719,270,271,272,273,274,275,276,278,279,326,259,257,254,280,262,261,260,267,266,264,269,845,(16)268,(16)263,(16)265,(16)256,(16)
(1)-569,520,521,559,743,558,557,556,519,512,517,562,567,563,787,508,763,844,560,561,564,565,566,507,568,600,509,(17)515,(17)510,(17)518,327,316,(17)514,(17)722,721,(17)
(1)-348,529,338,747,554,551,627,667,540,546,547,544,548,549,535,533,531,530,539,534,(18)575,727,(18)298,294,(18)
(1)-744,611,288,(19)
(1)-425,427,441,445,645,439,436,434,435,432,430,431,419,626,652,650,651,416,647,646,649,648,429,428,739,(20)440,438,(20)426,(20)443,418,(20)420,422,(20)
(1)-39,38,32,31,35,24,25,26,27,20,21,28,29,409,18,789,52,50,48,49,44,43,40,41,(21)23,45,(21)30,(21)22,(21)42,(21)56,(21)
(1)-297,525,527,522,442,555,553,552,378,373,375,374,376,662,542,543,541,545,367,363,361,383,386,356,537,536,532,538,390,(22)526,528,(22)513,(22)550,(22)
(1)-616,453,53,(23)617,(23)
(1)-740,729,(24)
(1)-277,417,785,(25)
(1)-660,(26)
(1)-711,490,492,709,704,705,700,702,13,693,694,695,698,598,499,500,468,464,466,463,777,701,489,485,484,481,470,476,474,479,(27)501,472,473,(27)495,(27)491,469,471,477,475,(27)478,(27)302,483,(27)459,(27)486,(27)403,(27)493,(27)497,465,488,487,480,(27)299,(27)334,(27)712,706,(27)494,(27)710,577,282,(27)703,412,(27)708,697,609,(27)699,(27)423,447,437,450,9,(27)707,457,54,(27)292,(27)449,696,(27)686,582,605,(27)446,410,(27)349,502,606,(27)
(1)-424,597,335,458,324,329,(28)55,(28)
(1)-610,308,(29)10,(29)
(1)-589,(30)
(1)-8,784,(31)
(1)-456,314,(32)
(1)-6,(33)
(1)-612,379,371,370,372,377,392,397,396,395,394,359,358,368,369,366,364,365,362,360,380,382,384,385,387,388,389,381,783,391,398,(34)393,(34)
(1)-415,319,(36)340,414,(36)402,(36)
(1)-408,(37)
(1)-444,433,511,5,(38)351,(38)315,467,(38)
(1)-594,333,332,586,313,773,(39)593,(39)455,(39)
(1)-590,(41)
(1)-596,(42)
(1)-580,(44)
(1)-46,(45)
(1)-421,(47)
(1)-592,(48)
(1)-595,496,(50)587,(50)
(1)-454,(51)
(1)-129,195,194,191,190,193,192,108,102,103,100,101,106,107,104,105,99,91,90,93,92,97,96,153,238,239,234,236,237,230,231,232,233,155,146,145,142,140,141,154,133,137,139,138,183,88,82,80,86,87,85,170,245,244,246,241,240,243,242,249,248,179,178,177,199,175,174,173,172,171,198,182,180,181,186,187,184,185,188,189,116,201,200,203,202,205,204,207,206,209,208,77,76,73,72,71,70,79,78,215,120,121,123,124,125,127,128,219,176,214,150,60,62,64,65,66,67,68,157,156,168,169,164,165,166,167,160,161,163,216,217,212,213,210,211,58,57,63,152,117,111,110,113,69,119,118,229,226,225,224,223,222,221,220,114,159,158,(52)247,(52)250,(52)94,132,135,144,83,75,74,112,(52)95,131,(52)130,136,81,(52)33,37,36,34,149,84,14,19,51,47,(52)89,126,59,(52)134,(52)115,(52)122,(52)109,218,(52)228,(52)162,(52)227,(52)197,(52)143,(52)98,235,(52)148,(52)196,(52)147,(52)407,(52)
(1)-448,(57)
(1)-2,(58)
(1)-322,(61)
(1)-579,(62)
(1)-306,(66)
(1)-715,413,(70)
(1)-516,(74)
(1)-7,599,(84)
(1)-11,352,(93)
(1)-482,(98)
(1)-498,(108)
(1)-281,(126)
(1)-283,(144)
(1)-61,(149)
(1)-578,(202)
(1)-629,(211)
(1)-285,(225)
(1)-17,(318)
(1)-255,(364)
(1)-524,(399)
(1)-523,(424)
(1)-295,(458)
(1)-15,(592)
(1)-644,(643)
(1)-357,(747)
(1)-321,(810)
(1)-258,(841)
(1)-16,(3862)
(1)-151,(4785)
